ARMA_MAT_TXT_FN008
26 26
  -1.11636231575757e+01  -2.86441971954403e+00   5.44706001748551e-03   3.78109415069637e-04   0.00000000000000e+00  -2.39589736438061e+00   1.85426065044961e-03  -6.12427755240928e-05   0.00000000000000e+00  -3.80489284026793e-05  -1.77499321994568e-03  -4.65581769874032e-03   4.61560725621505e-04   0.00000000000000e+00  -2.57782757198972e-01  -8.00556274736998e-01   7.81352918057258e-02   0.00000000000000e+00  -2.65319301384215e-01  -1.07255802905982e+00  -2.65319301384215e-01  -1.07255802905982e+00  -2.76729991575062e-01  -1.08408783782597e+00  -3.77600225092515e-04  -1.85830913510784e-01
  -2.86441971954403e+00  -9.09677561275358e-01  -2.50594624047969e-02   5.41944370901418e-04   0.00000000000000e+00  -1.37862836180994e+00  -2.44347334948241e-02   8.27519035248072e-06   0.00000000000000e+00  -3.87041054429168e-02  -1.66640521551710e-01  -2.36936997489150e-01   2.69093226441331e-02   0.00000000000000e+00  -3.55579042768224e-01  -6.04784502562553e-01   6.07957132182879e-02   0.00000000000000e+00  -4.73680198758372e-01  -8.09958204563388e-01  -4.73680198758372e-01  -8.09958204563388e-01  -4.80403856162066e-01  -8.15611020945268e-01  -2.03924691574134e-02  -2.18267557183506e-01
   5.44706001748551e-03  -2.50594624047969e-02   1.23929556559577e-01  -2.72378687028409e-03   0.00000000000000e+00  -1.73201630882942e-02  -4.85143232549453e-01   8.49658576279780e-04   0.00000000000000e+00   1.19589369484211e-01   3.15971353869538e-01   3.70515269357554e-01  -4.98784605442744e-02   0.00000000000000e+00   3.47009781384427e-01   3.04043706403760e-01  -5.02639732660910e-02   0.00000000000000e+00  -1.57190293598549e-01  -1.17988638657060e-01  -1.57190293598549e-01  -1.17988638657060e-01  -1.71356303196899e-01  -1.24984025764908e-01   4.08666310370531e-02   1.50074306917882e-01
   3.78109415069637e-04   5.41944370901418e-04  -2.72378687028409e-03   5.84646084148574e-02   0.00000000000000e+00  -5.07774965796078e-04   1.76932694888018e-03  -5.25233936803875e-01   0.00000000000000e+00  -1.15924066494384e-02  -2.86227111190916e-02  -3.47892301647347e-02  -5.40656153216508e-02   0.00000000000000e+00  -3.19532973915788e-02  -3.80012833446611e-02  -1.40247665270517e-01   0.00000000000000e+00   2.27106041616084e-01   1.59521952251847e-01   2.27106041616084e-01   1.59521952251847e-01  -4.48186590664061e-01  -3.12675577582946e-01   1.84171420253447e-02   5.38609328503611e-02
   0.00000000000000e+00   0.00000000000000e+00   0.00000000000000e+00   0.00000000000000e+00   7.09621871642934e-02   0.00000000000000e+00   0.00000000000000e+00   0.00000000000000e+00  -5.17566477781472e-01   0.00000000000000e+00   0.00000000000000e+00   0.00000000000000e+00   0.00000000000000e+00  -6.42289584231831e-02   0.00000000000000e+00   0.00000000000000e+00   0.00000000000000e+00  -1.45725697181400e-01   3.87006776664603e-01   2.70889855397551e-01  -3.87006776664603e-01  -2.70889855397551e-01   0.00000000000000e+00   0.00000000000000e+00   0.00000000000000e+00   0.00000000000000e+00
  -2.39589736438061e+00  -1.37862836180994e+00  -1.73201630882942e-02  -5.07774965796078e-04   0.00000000000000e+00  -1.41021169086782e+00   9.76744263369487e-02  -3.75534822180012e-03   0.00000000000000e+00  -6.48881854127311e-01  -5.67051965383114e-01  -2.61913730297650e-01   4.20749299362207e-02   0.00000000000000e+00  -6.71422630528853e-01  -5.32331057054932e-01   8.50644603249173e-02   0.00000000000000e+00  -4.78624682137696e-01  -8.08317518910276e-01  -4.78624682137696e-01  -8.08317518910276e-01  -4.81538073284229e-01  -8.12362947336631e-01  -1.46151260943658e-01  -3.77026760388707e-01
   1.85426065044961e-03  -2.44347334948241e-02  -4.85143232549453e-01   1.76932694888018e-03   0.00000000000000e+00   9.76744263369487e-02  -5.32899129132420e-01   1.82558495301070e-02   0.00000000000000e+00   1.54982094431885e+00   1.12638102773491e+00   2.91494359908938e-01  -8.35853078850817e-02   0.00000000000000e+00   9.81833155107199e-01   1.18933409182428e-01  -1.07052885619326e-01   0.00000000000000e+00  -1.37741571760742e-01  -5.18391209019408e-02  -1.37741571760742e-01  -5.18391209019408e-02  -1.49233184949474e-01  -5.03823500479753e-02   3.06772219836998e-01   4.61374879673428e-01
  -6.12427755240928e-05   8.27519035248072e-06   8.49658576279780e-04  -5.25233936803875e-01   0.00000000000000e+00  -3.75534822180012e-03   1.82558495301070e-02  -3.05971711036545e-01   0.00000000000000e+00  -1.50367338290507e-01  -1.05963269944649e-01  -3.82545691077748e-02  -1.90179803074910e-01   0.00000000000000e+00  -7.40656883339475e-02  -2.29394425424189e-02  -1.56885785822430e-01   0.00000000000000e+00   1.96716921344302e-01   1.08442183354087e-01   1.96716921344302e-01   1.08442183354087e-01  -3.81374436363259e-01  -2.03412959548431e-01   9.38234356172941e-02   5.41555107163353e-02
   0.00000000000000e+00   0.00000000000000e+00   0.00000000000000e+00   0.00000000000000e+00  -5.17566477781472e-01   0.00000000000000e+00   0.00000000000000e+00   0.00000000000000e+00  -2.93570118616710e-01   0.00000000000000e+00   0.00000000000000e+00   0.00000000000000e+00   0.00000000000000e+00  -2.05198356528578e-01   0.00000000000000e+00   0.00000000000000e+00   0.00000000000000e+00  -1.41665010163567e-01   3.34818850354087e-01   1.80035063955534e-01  -3.34818850354087e-01  -1.80035063955534e-01   0.00000000000000e+00   0.00000000000000e+00   0.00000000000000e+00   0.00000000000000e+00
  -3.80489284026793e-05  -3.87041054429168e-02   1.19589369484211e-01  -1.15924066494384e-02   0.00000000000000e+00  -6.48881854127311e-01   1.54982094431885e+00  -1.50367338290507e-01   0.00000000000000e+00  -2.03272374238213e+01  -5.70192129746912e+00  -1.73429882928702e-02   3.00319634317835e-02   0.00000000000000e+00  -4.46747104500766e+00  -3.71788738580342e-03   6.50738726152094e-03   0.00000000000000e+00  -1.61641159342584e-04  -1.40911208328390e-01  -1.61641159342584e-04  -1.40911208328390e-01  -5.60977225497847e-04  -1.83569881480968e-01  -4.89981097357102e-01  -1.44395836499595e+00
  -1.77499321994568e-03  -1.66640521551710e-01   3.15971353869538e-01  -2.86227111190916e-02   0.00000000000000e+00  -5.67051965383114e-01   1.12638102773491e+00  -1.05963269944649e-01   0.00000000000000e+00  -5.70192129746912e+00  -1.62578143844795e+00  -1.26013577724830e-02   3.55870073480472e-02   0.00000000000000e+00  -2.42419890284390e+00  -4.56157736871716e-03   2.60609634959495e-02   0.00000000000000e+00   1.47590638112855e-03  -1.56146433884868e-01   1.47590638112855e-03  -1.56146433884868e-01   2.48170652699200e-03  -1.93176274315871e-01  -6.45418177426205e-01  -1.11801976342468e+00
  -4.65581769874032e-03  -2.36936997489150e-01   3.70515269357554e-01  -3.47892301647347e-02   0.00000000000000e+00  -2.61913730297650e-01   2.91494359908938e-01  -3.82545691077748e-02   0.00000000000000e+00  -1.73429882928702e-02  -1.26013577724830e-02   3.52119072018189e-01   2.20240760486384e-02   0.00000000000000e+00  -2.57381979210324e-02  -7.41455382021656e-01   4.29787633726074e-03   0.00000000000000e+00   2.36133074219886e-03  -8.63017301512967e-02   2.36133074219886e-03  -8.63017301512967e-02  -6.01886951711703e-03  -1.06112626906756e-01   2.12216130051931e-01   1.12072526876463e-01
   4.61560725621505e-04   2.69093226441331e-02  -4.98784605442744e-02  -5.40656153216508e-02   0.00000000000000e+00   4.20749299362207e-02  -8.35853078850817e-02  -1.90179803074910e-01   0.00000000000000e+00   3.00319634317835e-02   3.55870073480472e-02   2.20240760486384e-02   2.92489545164111e-01   0.00000000000000e+00   6.12723804116590e-02   3.68069294724553e-03  -7.75870424161595e-01   0.00000000000000e+00  -3.57587148528852e-03   3.32762600865708e-02  -3.57587148528852e-03   3.32762600865708e-02   2.91149745891992e-03  -3.92727832337394e-02   5.40499864714731e-01   3.49241233647883e-01
   0.00000000000000e+00   0.00000000000000e+00   0.00000000000000e+00   0.00000000000000e+00  -6.42289584231831e-02   0.00000000000000e+00   0.00000000000000e+00   0.00000000000000e+00  -2.05198356528578e-01   0.00000000000000e+00   0.00000000000000e+00   0.00000000000000e+00   0.00000000000000e+00   1.95325887483662e-01   0.00000000000000e+00   0.00000000000000e+00   0.00000000000000e+00  -7.97007112033682e-01  -8.49731743859403e-03   3.76435700087582e-02   8.49731743859403e-03  -3.76435700087582e-02   0.00000000000000e+00   0.00000000000000e+00   0.00000000000000e+00   0.00000000000000e+00
  -2.57782757198972e-01  -3.55579042768224e-01   3.47009781384427e-01  -3.19532973915788e-02   0.00000000000000e+00  -6.71422630528853e-01   9.81833155107199e-01  -7.40656883339475e-02   0.00000000000000e+00  -4.46747104500766e+00  -2.42419890284390e+00  -2.57381979210324e-02   6.12723804116590e-02   0.00000000000000e+00  -2.12992515652969e+00  -1.14602309665195e-01   1.54767800535289e-01   0.00000000000000e+00  -4.37170318821172e-02  -2.40313686222961e-01  -4.37170318821172e-02  -2.40313686222961e-01  -5.64407732521989e-02  -2.72369828457798e-01  -6.43823673810111e-01  -1.04842263248118e+00
  -8.00556274736998e-01  -6.04784502562553e-01   3.04043706403760e-01  -3.80012833446611e-02   0.00000000000000e+00  -5.32331057054932e-01   1.18933409182428e-01  -2.29394425424189e-02   0.00000000000000e+00  -3.71788738580342e-03  -4.56157736871716e-03  -7.41455382021656e-01   3.68069294724553e-03   0.00000000000000e+00  -1.14602309665195e-01  -2.81665385528380e-01  -3.68003095343297e-02   0.00000000000000e+00  -1.10717109800977e-01  -2.66536338878050e-01  -1.10717109800977e-01  -2.66536338878050e-01  -1.46487553766699e-01  -2.89057125205847e-01   1.59632907752864e-01   1.11542118692217e-02
   7.81352918057258e-02   6.07957132182879e-02  -5.02639732660910e-02  -1.40247665270517e-01   0.00000000000000e+00   8.50644603249173e-02  -1.07052885619326e-01  -1.56885785822430e-01   0.00000000000000e+00   6.50738726152094e-03   2.60609634959495e-02   4.29787633726074e-03  -7.75870424161595e-01   0.00000000000000e+00   1.54767800535289e-01  -3.68003095343297e-02  -1.75605013374990e-01   0.00000000000000e+00   3.65857906771996e-02   6.92195834720236e-02   3.65857906771996e-02   6.92195834720236e-02  -5.69323904629760e-02  -3.60948740450878e-02   4.10134106095808e-01   3.06384177542586e-01
   0.00000000000000e+00   0.00000000000000e+00   0.00000000000000e+00   0.00000000000000e+00  -1.45725697181400e-01   0.00000000000000e+00   0.00000000000000e+00   0.00000000000000e+00  -1.41665010163567e-01   0.00000000000000e+00   0.00000000000000e+00   0.00000000000000e+00   0.00000000000000e+00  -7.97007112033682e-01   0.00000000000000e+00   0.00000000000000e+00   0.00000000000000e+00  -3.16189857344302e-02   4.59150797910495e-02   5.68153882371058e-02  -4.59150797910495e-02  -5.68153882371058e-02   0.00000000000000e+00   0.00000000000000e+00   0.00000000000000e+00   0.00000000000000e+00
  -2.65319301384215e-01  -4.73680198758372e-01  -1.57190293598549e-01   2.27106041616084e-01   3.87006776664603e-01  -4.78624682137696e-01  -1.37741571760742e-01   1.96716921344302e-01   3.34818850354087e-01  -1.61641159342584e-04   1.47590638112855e-03   2.36133074219886e-03  -3.57587148528852e-03  -8.49731743859403e-03  -4.37170318821172e-02  -1.10717109800977e-01   3.65857906771996e-02   4.59150797910495e-02   1.35657623032386e-02  -5.71890090880325e-01  -4.21717031745361e-02  -2.11444956599765e-01  -4.54661456151999e-02  -2.14029891950827e-01   1.87960972015281e-03  -6.41220116952152e-02
  -1.07255802905982e+00  -8.09958204563388e-01  -1.17988638657060e-01   1.59521952251847e-01   2.70889855397551e-01  -8.08317518910276e-01  -5.18391209019408e-02   1.08442183354087e-01   1.80035063955534e-01  -1.40911208328390e-01  -1.56146433884868e-01  -8.63017301512967e-02   3.32762600865708e-02   3.76435700087582e-02  -2.40313686222961e-01  -2.66536338878050e-01   6.92195834720236e-02   5.68153882371058e-02  -5.71890090880325e-01  -5.79619376658115e-01  -2.11444956599765e-01  -4.28164125318648e-01  -2.14804532090711e-01  -4.29953647647379e-01  -5.96322728363118e-02  -1.73404838055275e-01
  -2.65319301384215e-01  -4.73680198758372e-01  -1.57190293598549e-01   2.27106041616084e-01  -3.87006776664603e-01  -4.78624682137696e-01  -1.37741571760742e-01   1.96716921344302e-01  -3.34818850354087e-01  -1.61641159342584e-04   1.47590638112855e-03   2.36133074219886e-03  -3.57587148528852e-03   8.49731743859403e-03  -4.37170318821172e-02  -1.10717109800977e-01   3.65857906771996e-02  -4.59150797910495e-02  -4.21717031745361e-02  -2.11444956599765e-01   1.35657623032386e-02  -5.71890090880325e-01  -4.54661456151999e-02  -2.14029891950827e-01   1.87960972015281e-03  -6.41220116952152e-02
  -1.07255802905982e+00  -8.09958204563388e-01  -1.17988638657060e-01   1.59521952251847e-01  -2.70889855397551e-01  -8.08317518910276e-01  -5.18391209019408e-02   1.08442183354087e-01  -1.80035063955534e-01  -1.40911208328390e-01  -1.56146433884868e-01  -8.63017301512967e-02   3.32762600865708e-02  -3.76435700087582e-02  -2.40313686222961e-01  -2.66536338878050e-01   6.92195834720236e-02  -5.68153882371058e-02  -2.11444956599765e-01  -4.28164125318648e-01  -5.71890090880325e-01  -5.79619376658115e-01  -2.14804532090711e-01  -4.29953647647379e-01  -5.96322728363118e-02  -1.73404838055275e-01
  -2.76729991575062e-01  -4.80403856162066e-01  -1.71356303196899e-01  -4.48186590664061e-01   0.00000000000000e+00  -4.81538073284229e-01  -1.49233184949474e-01  -3.81374436363259e-01   0.00000000000000e+00  -5.60977225497847e-04   2.48170652699200e-03  -6.01886951711703e-03   2.91149745891992e-03   0.00000000000000e+00  -5.64407732521989e-02  -1.46487553766699e-01  -5.69323904629760e-02   0.00000000000000e+00  -4.54661456151999e-02  -2.14804532090711e-01  -4.54661456151999e-02  -2.14804532090711e-01   1.57549094201300e-02  -5.68828192931794e-01  -5.83818118193392e-03  -2.36721792478921e-02
  -1.08408783782597e+00  -8.15611020945268e-01  -1.24984025764908e-01  -3.12675577582946e-01   0.00000000000000e+00  -8.12362947336631e-01  -5.03823500479753e-02  -2.03412959548431e-01   0.00000000000000e+00  -1.83569881480968e-01  -1.93176274315871e-01  -1.06112626906756e-01  -3.92727832337394e-02   0.00000000000000e+00  -2.72369828457798e-01  -2.89057125205847e-01  -3.60948740450878e-02   0.00000000000000e+00  -2.14029891950827e-01  -4.29953647647379e-01  -2.14029891950827e-01  -4.29953647647379e-01  -5.68828192931794e-01  -5.74500645282675e-01  -2.60503915891379e-02  -1.31975109855348e-01
  -3.77600225092515e-04  -2.03924691574134e-02   4.08666310370531e-02   1.84171420253447e-02   0.00000000000000e+00  -1.46151260943658e-01   3.06772219836998e-01   9.38234356172941e-02   0.00000000000000e+00  -4.89981097357102e-01  -6.45418177426205e-01   2.12216130051931e-01   5.40499864714731e-01   0.00000000000000e+00  -6.43823673810111e-01   1.59632907752864e-01   4.10134106095808e-01   0.00000000000000e+00   1.87960972015281e-03  -5.96322728363118e-02   1.87960972015281e-03  -5.96322728363118e-02  -5.83818118193392e-03  -2.60503915891379e-02  -5.95850167058037e-02  -6.01708115599281e-01
  -1.85830913510784e-01  -2.18267557183506e-01   1.50074306917882e-01   5.38609328503611e-02   0.00000000000000e+00  -3.77026760388707e-01   4.61374879673428e-01   5.41555107163353e-02   0.00000000000000e+00  -1.44395836499595e+00  -1.11801976342468e+00   1.12072526876463e-01   3.49241233647883e-01   0.00000000000000e+00  -1.04842263248118e+00   1.11542118692217e-02   3.06384177542586e-01   0.00000000000000e+00  -6.41220116952152e-02  -1.73404838055275e-01  -6.41220116952152e-02  -1.73404838055275e-01  -2.36721792478921e-02  -1.31975109855348e-01  -6.01708115599281e-01  -5.92007352045296e-01
